1399433826,72,9,0,0,0,0,0,0,0,1,0,0,0,0,0,0,1,1,0,0,0,0,0,0,1,1,1,0,0,0,0,0,2,2,2,0,0,0,0,0,0,2,2,2,0,0,0,0,0,0,2,2,2,0,0,0,0,0,0,0,0,1,0,0,0,0,0,0,0,0,0,0,0,0,0,0,0,0,1,0,0,0,1
1399433825,69,9,0,0,0,0,0,0,0,1,0,0,0,0,0,0,1,1,0,0,0,0,0,0,1,1,1,0,0,0,0,0,2,2,2,0,0,0,0,0,0,2,2,2,0,0,0,2,2,2,2,2,2,0,0,0,0,0,0,0,0,1,0,0,0,0,0,0,0,0,0,0,0,0,0,0,0,0,1,0,0,0,1
1399433823,66,9,0,0,0,0,0,0,0,1,0,0,0,0,0,0,1,1,0,0,0,0,0,0,1,1,1,0,0,0,0,0,2,2,2,0,0,0,2,2,2,2,2,2,0,0,0,2,2,2,2,2,2,0,0,0,0,0,0,0,0,1,0,0,0,0,0,0,0,0,0,0,0,0,0,0,0,0,1,0,0,0,1
1399433819,63,9,0,0,0,0,0,0,0,1,0,0,0,0,0,0,1,1,0,0,0,0,0,0,1,1,1,0,0,2,2,2,2,2,2,0,0,0,2,2,2,2,2,2,0,0,0,2,2,2,2,2,2,0,0,0,0,0,0,0,0,1,0,0,0,0,0,0,0,0,0,0,0,0,0,0,0,0,1,0,0,0,1
1399433818,60,9,2,0,0,0,0,0,0,1,0,2,0,0,0,0,1,1,0,0,2,0,0,0,1,1,1,0,0,2,2,2,2,2,2,0,0,0,2,2,2,2,2,2,0,0,0,2,2,2,2,2,2,0,0,0,0,0,0,0,0,1,0,0,0,0,0,0,0,0,0,0,0,0,0,0,0,0,1,0,0,0,1
1399433816,54,9,2,2,0,2,0,0,0,1,0,2,2,0,2,0,1,1,0,0,2,2,0,2,1,1,1,0,0,2,2,2,2,2,2,0,0,0,2,2,2,2,2,2,0,0,0,2,2,2,2,2,2,0,0,0,0,0,0,0,0,1,0,0,0,0,0,0,0,0,0,0,0,0,0,0,0,0,1,0,0,0,1
1399433813,48,8,2,2,2,2,2,0,0,1,0,2,2,2,2,2,1,1,0,0,2,2,2,2,2,1,1,0,0,2,2,2,2,2,2,0,0,0,2,2,2,2,2,2,0,0,0,2,2,2,2,2,2,0,0,0,0,0,0,0,0,1,0,0,0,0,0,0,0,0,0,0,0,0,0,0,0,0,1,0,0,0,1
1399433810,45,6,2,2,2,2,2,2,0,1,0,2,2,2,2,2,2,1,0,0,2,2,2,2,2,2,1,0,0,2,2,2,2,2,2,0,0,0,2,2,2,2,2,2,0,0,0,2,2,2,2,2,2,0,0,0,0,0,0,0,0,1,0,0,0,0,0,0,0,0,0,0,0,0,0,0,0,0,1,0,0,0,1
1399433807,42,5,2,2,2,2,2,2,2,2,2,2,2,2,2,2,2,1,0,0,2,2,2,2,2,2,1,0,0,2,2,2,2,2,2,0,0,0,2,2,2,2,2,2,0,0,0,2,2,2,2,2,2,0,0,0,0,0,0,0,0,1,0,0,0,0,0,0,0,0,0,0,0,0,0,0,0,0,1,0,0,0,1
1399433805,36,4,2,2,2,2,2,2,2,2,2,2,2,2,2,2,2,2,2,2,2,2,2,2,2,2,1,0,0,2,2,2,2,2,2,2,2,2,2,2,2,2,2,2,0,0,0,2,2,2,2,2,2,0,0,0,0,0,0,0,0,1,0,0,0,0,0,0,0,0,0,0,0,0,0,0,0,0,1,0,0,0,1
1399433801,30,3,2,2,2,2,2,2,2,2,2,2,2,2,2,2,2,2,2,2,2,2,2,2,2,2,2,2,2,2,2,2,2,2,2,2,2,2,2,2,2,2,2,2,2,2,2,2,2,2,2,2,2,0,0,0,0,0,0,0,0,1,0,0,0,0,0,0,0,0,0,0,0,0,0,0,0,0,1,0,0,0,1
1399433798,27,3,2,2,2,2,2,2,2,2,2,2,2,2,2,2,2,2,2,2,2,2,2,2,2,2,2,2,2,2,2,2,2,2,2,2,2,2,2,2,2,2,2,2,2,2,2,2,2,2,2,2,2,2,2,2,0,0,0,0,0,1,0,0,0,0,0,0,0,0,0,0,0,0,0,0,0,0,1,0,0,0,1
1399433796,24,2,2,2,2,2,2,2,2,2,2,2,2,2,2,2,2,2,2,2,2,2,2,2,2,2,2,2,2,2,2,2,2,2,2,2,2,2,2,2,2,2,2,2,2,2,2,2,2,2,2,2,2,2,2,2,0,0,0,0,0,1,0,0,2,0,0,0,0,0,0,0,0,2,0,0,0,0,1,0,0,0,2
1399433794,18,1,2,2,2,2,2,2,2,2,2,2,2,2,2,2,2,2,2,2,2,2,2,2,2,2,2,2,2,2,2,2,2,2,2,2,2,2,2,2,2,2,2,2,2,2,2,2,2,2,2,2,2,2,2,2,0,0,0,0,0,2,0,2,2,0,0,0,0,0,2,0,2,2,0,0,0,0,1,2,0,2,2
1399433792,12,0,2,2,2,2,2,2,2,2,2,2,2,2,2,2,2,2,2,2,2,2,2,2,2,2,2,2,2,2,2,2,2,2,2,2,2,2,2,2,2,2,2,2,2,2,2,2,2,2,2,2,2,2,2,2,0,0,0,0,2,2,2,2,2,0,0,0,0,2,2,2,2,2,0,0,0,0,2,2,2,2,2
1399433790,9,0,2,2,2,2,2,2,2,2,2,2,2,2,2,2,2,2,2,2,2,2,2,2,2,2,2,2,2,2,2,2,2,2,2,2,2,2,2,2,2,2,2,2,2,2,2,2,2,2,2,2,2,2,2,2,0,0,0,2,2,2,2,2,2,0,0,0,2,2,2,2,2,2,0,0,0,2,2,2,2,2,2
1399433788,aÿ