Open /dev/ttyUSB0
Got Echo: 0x2a 0x1 0x1
-9	0	0.335928	0.905530	0
-8	1	0.567770	0.796625	0
-7	2	0.613870	0.753344	0
0	3	0.532931	0.821399	0
1	4	0.613100	0.835215	0
2	5	0.484957	0.839897	0
-9	0	0.429940	0.902842	0
-8	1	0.617721	0.803857	0
-7	2	0.639203	0.767506	0
0	3	0.585175	0.823457	0
1	4	0.687353	0.871106	0
2	5	0.516956	0.841488	0
-9	0	0.463323	0.924347	0
-8	1	0.638948	0.827659	0
-7	2	0.645515	0.767112	0
0	3	0.609734	0.837037	0
1	4	0.712990	0.884199	0
2	5	0.536716	0.855211	0
-9	0	0.475299	0.930876	0
-8	1	0.647517	0.830973	0
-7	2	0.655066	0.776947	0
0	3	0.629940	0.848354	0
1	4	0.727372	0.888939	0
2	5	0.530087	0.846857	0
-9	0	0.484132	0.930876	0
-8	1	0.655501	0.843929	0
-7	2	0.659801	0.778914	0
0	3	0.641214	0.852469	0
1	4	0.735657	0.893454	0
2	5	0.535951	0.858393	0
-9	0	0.492814	0.947389	0
-8	1	0.660370	0.839711	0
-7	2	0.661130	0.780488	0
0	3	0.645345	0.853292	0
1	4	0.738002	0.889165	0
2	5	0.534804	0.847454	0
-9	0	0.485329	0.910522	0
-8	1	0.657449	0.868334	0
-7	2	0.667027	0.868411	0
0	3	0.623912	0.837860	0
1	4	0.729561	0.880813	0
2	5	0.530979	0.864360	0
0	0	0.544311	0.983103	0
1	1	0.665920	0.850557	0
2	2	0.715947	0.878442	0
9	3	0.919067	0.394239	0
10	4	0.730968	0.924154	0
11	5	0.500382	0.800517	0
0	0	0.155689	0.473502	0
1	1	0.667381	-0.458873	0
2	2	0.704651	0.844611	0
9	3	0.861241	0.277572	0
10	4	0.806159	0.926862	0
11	5	0.467364	0.811257	0
0	0	0.635778	1.035330	0
1	1	0.690750	0.913528	0
2	2	0.761379	1.026357	0
18	3	0.854320	0.263169	0
19	4	0.790839	0.896614	0
20	5	0.467873	0.804893	0
0	0	0.596257	1.016129	0
1	1	0.707984	0.920157	0
2	2	0.792857	0.989575	0
18	3	0.874972	0.224280	0
19	4	0.778177	0.925056	0
20	5	0.481260	0.800716	0
0	0	0.610479	1.034562	0
1	1	0.722298	0.952998	0
2	2	0.800415	0.996656	0
18	3	0.906564	0.291770	0
19	4	0.796311	0.924605	0
20	5	0.487379	0.806484	0
0	0	0.610030	1.018049	0
1	1	0.721714	0.940042	0
2	2	0.799585	0.989379	0
18	3	0.904555	0.282716	0
19	4	0.797718	0.928217	0
20	5	0.495155	0.805887	0
0	0	0.613174	1.019969	0
1	1	0.721422	0.937632	0
2	2	0.798422	0.988788	0
18	3	0.901764	0.283951	0
19	4	0.796624	0.930248	0
20	5	0.489674	0.804694	0
0	0	0.613922	1.022657	0
1	1	0.722785	0.940645	0
2	2	0.798339	0.988788	0
18	3	0.900647	0.280041	0
19	4	0.796311	0.927540	0
20	5	0.490056	0.800716	0
0	0	0.618413	1.025346	0
1	1	0.725316	0.940042	0
2	2	0.800000	0.987805	0
18	3	0.903215	0.280453	0
19	4	0.799594	0.927314	0
20	5	0.494901	0.806086	0
0	0	0.622605	1.028418	0
1	1	0.724051	0.943055	0
2	2	0.799086	0.986428	0
18	3	0.901652	0.279630	0
19	4	0.796311	0.925508	0
20	5	0.490056	0.802307	0
0	0	0.619611	1.020353	0
1	1	0.727167	0.942754	0
2	2	0.800415	0.984461	0
18	3	0.902657	0.278189	0
19	4	0.800844	0.930700	0
20	5	0.496430	0.800915	0
0	0	0.619611	1.020353	0
1	1	0.727361	0.942453	0
2	2	0.800914	0.984658	0
18	3	0.906341	0.280453	0
19	4	0.801626	0.925508	0
20	5	0.494901	0.799523	0
0	0	0.619162	1.025730	0
1	1	0.726874	0.941850	0
2	2	0.799003	0.985838	0
18	3	0.906117	0.281482	0
19	4	0.802720	0.932957	0
20	5	0.494646	0.804495	0
0	0	0.624102	1.033794	0
1	1	0.728822	0.946972	0
2	2	0.800748	0.987412	0
18	3	0.906341	0.281687	0
19	4	0.806472	0.930248	0
20	5	0.496430	0.803898	0
0	0	0.621707	1.022273	0
1	1	0.729893	0.948478	0
2	2	0.800000	0.987018	0
18	3	0.907345	0.280247	0
19	4	0.805378	0.930926	0
20	5	0.494518	0.804296	0
0	0	0.624700	1.034562	0
1	1	0.728822	0.945767	0
2	2	0.799668	0.982888	0
18	3	0.907345	0.281070	0
19	4	0.807097	0.929120	0
20	5	0.497195	0.801710	0
0	0	0.624401	1.030338	0
1	1	0.729698	0.943658	0
2	2	0.801163	0.985051	0
18	3	0.907457	0.284979	0
19	4	0.805690	0.929120	0
20	5	0.493243	0.803500	0
0	0	0.623353	1.024194	0
1	1	0.728822	0.943356	0
2	2	0.800332	0.986822	0
18	3	0.908350	0.283951	0
19	4	0.803658	0.927991	0
20	5	0.495921	0.802108	0
0	0	0.624551	1.032258	0
1	1	0.730380	0.948780	0
2	2	0.800332	0.985641	0
18	3	0.909131	0.284362	0
19	4	0.807097	0.933183	0
20	5	0.494901	0.803103	0
0	0	0.626198	1.031874	0
1	1	0.729893	0.945164	0
2	2	0.799585	0.986822	0
18	3	0.909355	0.283333	0
19	4	0.808348	0.930700	0
20	5	0.491203	0.798528	0
9	0	0.955689	0.351766	0
10	1	0.729796	1.022898	0
11	2	0.887209	1.158143	0
27	3	0.511945	0.769136	0
28	4	0.735970	0.888262	0
29	5	0.542835	0.850636	0
9	0	0.948353	0.260369	0
10	1	0.742551	0.996686	0
11	2	0.899502	1.161684	0
27	3	0.531480	0.765844	0
28	4	0.757230	0.886456	0
29	5	0.552014	0.842681	0
9	0	0.953443	0.261521	0
10	1	0.746056	1.004218	0
11	2	0.900664	1.160504	0
27	3	0.536504	0.766461	0
28	4	0.761607	0.888488	0
29	5	0.556731	0.842681	0
9	0	0.954491	0.260753	0
10	1	0.746446	1.001808	0
11	2	0.901163	1.163651	0
27	3	0.536615	0.767078	0
28	4	0.760669	0.889842	0
29	5	0.555201	0.842880	0
9	0	0.957485	0.265745	0
10	1	0.747128	1.002712	0
11	2	0.901163	1.162864	0
27	3	0.538960	0.771194	0
28	4	0.762232	0.890293	0
29	5	0.554946	0.842681	0
9	0	0.960629	0.269201	0
10	1	0.748296	1.007532	0
11	2	0.901495	1.160307	0
27	3	0.539406	0.765844	0
28	4	0.762545	0.887585	0
29	5	0.559153	0.846062	0
9	0	0.961227	0.266897	0
10	1	0.748686	1.005122	0
11	2	0.902492	1.160897	0
27	3	0.539629	0.769342	0
28	4	0.763014	0.887810	0
29	5	0.556094	0.845465	0
9	0	0.961826	0.267281	0
10	1	0.748393	1.002109	0
11	2	0.902658	1.160307	0
27	3	0.540299	0.769342	0
28	4	0.765202	0.888713	0
29	5	0.557624	0.844670	0
9	0	0.962275	0.266129	0
10	1	0.750243	1.003615	0
11	2	0.902159	1.158143	0
27	3	0.540746	0.770576	0
28	4	0.764264	0.893905	0
29	5	0.557369	0.842880	0
9	0	0.962575	0.271121	0
10	1	0.748783	1.003615	0
11	2	0.901329	1.157947	0
27	3	0.541639	0.772634	0
28	4	0.764890	0.890293	0
29	5	0.554437	0.840891	0
9	0	0.963323	0.267665	0
10	1	0.750049	1.004821	0
11	2	0.901744	1.161487	0
27	3	0.541304	0.768313	0
28	4	0.761607	0.888036	0
29	5	0.559664	0.845465	0
9	0	0.962425	0.269201	0
10	1	0.750925	1.007532	0
11	2	0.902741	1.160110	0
27	3	0.542197	0.772016	0
28	4	0.764421	0.887810	0
29	5	0.555201	0.843079	0
9	0	0.961976	0.262289	0
10	1	0.752288	1.009039	0
11	2	0.904319	1.163847	0
27	3	0.543090	0.769342	0
28	4	0.766766	0.891874	0
29	5	0.559664	0.843278	0
9	0	0.961677	0.263825	0
10	1	0.749951	1.001808	0
11	2	0.902076	1.156176	0
27	3	0.540299	0.768313	0
28	4	0.763639	0.888262	0
29	5	0.556221	0.842482	0
9	0	0.961377	0.270737	0
10	1	0.750146	1.002712	0
11	2	0.902326	1.157553	0
27	3	0.541416	0.770165	0
28	4	0.762232	0.885779	0
29	5	0.552652	0.842482	0
36	0	0.527096	1.032642	0
37	1	0.704382	0.984634	0
38	2	0.866777	1.137490	0
54	3	0.454566	0.726132	0
55	4	0.797092	0.116930	0
56	5	0.560428	0.870923	0
36	0	0.555389	0.980799	0
37	1	0.723564	0.960530	0
38	2	0.903405	1.147128	0
54	3	0.476111	0.718107	0
55	4	0.814601	0.091648	0
56	5	0.586308	0.870724	0
36	0	0.565120	0.990783	0
37	1	0.728140	0.967159	0
38	2	0.906894	1.150079	0
54	3	0.482809	0.720988	0
55	4	0.821010	0.095711	0
56	5	0.592937	0.875099	0
36	0	0.568563	0.988095	0
37	1	0.730282	0.970473	0
38	2	0.906811	1.149489	0
54	3	0.483813	0.721605	0
55	4	0.824449	0.099549	0
56	5	0.593957	0.876492	0
36	0	0.573054	1.001920	0
37	1	0.730867	0.969569	0
38	2	0.906561	1.149685	0
54	3	0.484483	0.722634	0
55	4	0.828357	0.102483	0
56	5	0.599439	0.879077	0
36	0	0.577096	0.999232	0
37	1	0.732814	0.969569	0
38	2	0.907226	1.148899	0
54	3	0.486492	0.722634	0
55	4	0.825856	0.097065	0
56	5	0.597782	0.884845	0
36	0	0.575748	0.999616	0
37	1	0.730477	0.966556	0
38	2	0.907641	1.148505	0
54	3	0.487609	0.722634	0
55	4	0.831952	0.105643	0
56	5	0.593702	0.878083	0
36	0	0.576347	1.003840	0
37	1	0.731646	0.967159	0
38	2	0.907392	1.147522	0
54	3	0.484930	0.720988	0
55	4	0.823355	0.101580	0
56	5	0.585161	0.871718	0
36	0	0.574850	0.995392	0
37	1	0.731840	0.968063	0
38	2	0.905731	1.143784	0
54	3	0.484818	0.720370	0
55	4	0.814288	0.091422	0
56	5	0.584906	0.869729	0
36	0	0.574551	0.993856	0
37	1	0.730964	0.962639	0
38	2	0.907475	1.146538	0
54	3	0.480799	0.718313	0
55	4	0.811005	0.091874	0
56	5	0.587328	0.870326	0
36	0	0.576497	0.992703	0
37	1	0.730672	0.959626	0
38	2	0.905482	1.144965	0
54	3	0.482474	0.710494	0
55	4	0.808660	0.088488	0
56	5	0.581464	0.868536	0
36	0	0.580239	1.001920	0
37	1	0.733690	0.969569	0
38	2	0.905814	1.140637	0
54	3	0.484930	0.712140	0
55	4	0.813038	0.089842	0
56	5	0.586818	0.868337	0
36	0	0.579940	1.004992	0
37	1	0.733301	0.965652	0
38	2	0.905149	1.141424	0
54	3	0.486827	0.729218	0
55	4	0.815070	0.098646	0
56	5	0.585543	0.869332	0
36	0	0.574251	0.996544	0
37	1	0.731451	0.965652	0
38	2	0.904402	1.138670	0
54	3	0.481469	0.716255	0
55	4	0.805847	0.089616	0
56	5	0.583631	0.866547	0
36	0	0.576647	0.998848	0
37	1	0.733009	0.967460	0
38	2	0.905066	1.142998	0
54	3	0.480688	0.716873	0
55	4	0.807566	0.087133	0
56	5	0.584141	0.869332	0
36	0	0.577695	1.000768	0
37	1	0.731840	0.967762	0
38	2	0.905149	1.141424	0
54	3	0.480576	0.714198	0
55	4	0.808504	0.091196	0
56	5	0.583758	0.866945	0
45	0	1.035180	0.362903	1
46	1	0.718598	0.990359	0
47	2	0.792442	0.986428	0
63	3	0.780866	0.975926	0
64	4	0.796467	0.927314	0
65	5	0.436767	0.790573	0
45	0	1.032185	0.279570	1
46	1	0.733593	0.962037	0
47	2	0.798671	0.978364	0
63	3	0.791136	0.957613	0
64	4	0.826325	0.939955	0
65	5	0.446583	0.778838	0
45	0	1.041467	0.284562	1
46	1	0.736417	0.964748	0
47	2	0.796678	0.978364	0
63	3	0.796718	0.963169	0
64	4	0.829295	0.938600	0
65	5	0.448878	0.781026	0
45	0	1.043263	0.287250	1
46	1	0.736806	0.966255	0
47	2	0.798007	0.979740	0
63	3	0.800179	0.966049	0
64	4	0.828982	0.934312	0
65	5	0.453978	0.778838	0
45	0	1.045359	0.287250	1
46	1	0.736904	0.963543	0
47	2	0.795930	0.976987	0
63	3	0.800737	0.966255	0
64	4	0.832265	0.938149	0
65	5	0.450026	0.780231	0
45	0	1.046557	0.290707	1
46	1	0.736319	0.963242	0
47	2	0.794186	0.973249	0
63	3	0.803304	0.966667	0
64	4	0.831327	0.937697	0
65	5	0.454360	0.780231	0
45	0	1.048802	0.288402	1
46	1	0.736417	0.963242	0
47	2	0.794186	0.974036	0
63	3	0.804532	0.969342	0
64	4	0.828044	0.935892	0
65	5	0.453085	0.779833	0
45	0	1.050748	0.289554	1
46	1	0.737488	0.962037	0
47	2	0.793688	0.972856	0
63	3	0.805760	0.966872	0
64	4	0.833047	0.937020	0
65	5	0.452575	0.782219	0
45	0	1.052994	0.289170	1
46	1	0.736125	0.958120	0
47	2	0.793522	0.973446	0
63	3	0.807323	0.967078	0
64	4	0.833359	0.939503	0
65	5	0.455125	0.780430	0
45	0	1.051946	0.296851	1
46	1	0.735930	0.962037	0
47	2	0.791943	0.973643	0
63	3	0.806988	0.968930	0
64	4	0.832265	0.935892	0
65	5	0.448241	0.777049	0
45	0	1.051197	0.294547	1
46	1	0.736417	0.961133	0
47	2	0.791694	0.972659	0
63	3	0.805537	0.965432	0
64	4	0.831327	0.936569	0
65	5	0.455380	0.782816	0
45	0	1.052096	0.291091	1
46	1	0.735540	0.959626	0
47	2	0.792691	0.971479	0
63	3	0.806207	0.967284	0
64	4	0.832734	0.937472	0
65	5	0.453595	0.781623	0
45	0	1.053742	0.293395	1
46	1	0.737196	0.963844	0
47	2	0.791362	0.972856	0
63	3	0.808439	0.969753	0
64	4	0.830858	0.934086	0
65	5	0.453850	0.782816	0
45	0	1.055239	0.292243	1
46	1	0.737001	0.965050	0
47	2	0.792774	0.972659	0
63	3	0.808998	0.968724	0
64	4	0.831171	0.939729	0
65	5	0.453978	0.781424	0
45	0	1.055239	0.295315	1
46	1	0.735930	0.959325	0
47	2	0.790698	0.970299	0
63	3	0.808105	0.966667	0
64	4	0.834141	0.942212	0
65	5	0.452193	0.779236	0
54	0	0.580090	1.072197	0
55	1	0.991431	0.110274	0
56	2	0.790365	0.979347	0
72	3	0.978343	0.374486	0
73	4	0.750352	0.909029	0
74	5	0.316548	0.725537	0
54	0	0.611227	1.038786	0
55	1	0.983544	0.046400	0
56	2	0.797591	0.972659	0
72	3	0.976334	0.339918	0
73	4	0.785524	0.898871	0
74	5	0.369199	0.732498	0
54	0	0.620359	1.042627	0
55	1	0.987147	0.051522	0
56	2	0.797010	0.968922	0
72	3	0.980129	0.339300	0
73	4	0.787088	0.900452	0
74	5	0.375191	0.733890	0
54	0	0.624102	1.046467	0
55	1	0.987244	0.043387	0
56	2	0.794684	0.963415	0
72	3	0.982809	0.338477	0
73	4	0.789276	0.901354	0
74	5	0.374936	0.731504	0
54	0	0.628443	1.050307	0
55	1	0.991723	0.054836	0
56	2	0.796262	0.963415	0
72	3	0.984818	0.338889	0
73	4	0.790996	0.900226	0
74	5	0.384498	0.737271	0
54	0	0.634730	1.059908	0
55	1	0.991237	0.055438	0
56	2	0.795183	0.965775	0
72	3	0.987274	0.342798	0
73	4	0.793497	0.905192	0
74	5	0.381311	0.736277	0
54	0	0.631587	1.053379	0
55	1	0.987926	0.046400	0
56	2	0.793771	0.961644	0
72	3	0.986493	0.339712	0
73	4	0.792090	0.903160	0
74	5	0.385900	0.737271	0
54	0	0.634132	1.054147	0
55	1	0.987731	0.047303	0
56	2	0.791196	0.960858	0
72	3	0.985041	0.340535	0
73	4	0.789589	0.898871	0
74	5	0.385008	0.738663	0
54	0	0.634281	1.055299	0
55	1	0.987537	0.046400	0
56	2	0.790615	0.957120	0
72	3	0.986604	0.341564	0
73	4	0.793028	0.902257	0
74	5	0.384115	0.737868	0
54	0	0.635180	1.050307	0
55	1	0.990263	0.050015	0
56	2	0.792110	0.960464	0
72	3	0.986269	0.343004	0
73	4	0.793184	0.903612	0
74	5	0.388322	0.738266	0
54	0	0.637725	1.051459	0
55	1	0.988997	0.051823	0
56	2	0.789784	0.956137	0
72	3	0.987609	0.342181	0
73	4	0.793966	0.902935	0
74	5	0.383223	0.739658	0
54	0	0.638174	1.051459	0
55	1	0.987439	0.040976	0
56	2	0.791113	0.958694	0
72	3	0.988279	0.344033	0
73	4	0.790527	0.898646	0
74	5	0.391510	0.740851	0
54	0	0.639671	1.058372	0
55	1	0.987634	0.048509	0
56	2	0.788289	0.956924	0
72	3	0.987162	0.339506	0
73	4	0.791934	0.901129	0
74	5	0.385390	0.737072	0
54	0	0.640120	1.057604	0
55	1	0.987050	0.047002	0
56	2	0.786130	0.954563	0
72	3	0.988725	0.343004	0
73	4	0.791309	0.902935	0
74	5	0.388067	0.740851	0
54	0	0.641766	1.061828	0
55	1	0.988121	0.051220	0
56	2	0.788123	0.954563	0
72	3	0.989283	0.342181	0
73	4	0.794591	0.901354	0
74	5	0.390617	0.738266	0
54	0	0.641018	1.057220	0
55	1	0.986076	0.049412	0
56	2	0.785382	0.951416	0
72	3	0.987386	0.341564	0
73	4	0.792090	0.904966	0
74	5	0.385135	0.740454	0
73	0	0.447305	0.973502	0
64	1	0.632912	0.926183	0
55	2	0.985050	0.425846	0
75	3	0.399754	0.715844	0
66	4	0.520400	0.781716	0
57	5	0.383095	0.746619	0
73	0	0.489671	0.932028	0
64	1	0.675268	0.914432	0
55	2	1.004070	0.417978	1
75	3	0.415495	0.686214	0
66	4	0.524934	0.758239	0
57	5	0.396481	0.734288	0
73	0	0.505090	0.948541	0
64	1	0.687537	0.928292	0
55	2	1.011711	0.422502	1
75	3	0.426100	0.691770	0
66	4	0.536345	0.770203	0
57	5	0.410887	0.750398	0
73	0	0.510928	0.951997	0
64	1	0.692892	0.931606	0
55	2	1.014950	0.426633	1
75	3	0.434472	0.694650	0
66	4	0.544318	0.772009	0
57	5	0.418536	0.741846	0
73	0	0.513623	0.951613	0
64	1	0.694645	0.933112	0
55	2	1.017691	0.427813	1
75	3	0.438044	0.697942	0
66	4	0.547913	0.778781	0
57	5	0.413565	0.747216	0
73	0	0.517066	0.954301	0
64	1	0.698637	0.940946	0
55	2	1.018771	0.428993	1
75	3	0.441170	0.699177	0
66	4	0.544318	0.769977	0
57	5	0.409230	0.741050	0
73	0	0.518563	0.955069	0
64	1	0.699124	0.939440	0
55	2	1.019352	0.428600	1
75	3	0.444184	0.699383	0
66	4	0.544474	0.766366	0
57	5	0.407318	0.737669	0
73	0	0.518114	0.956221	0
64	1	0.699805	0.937331	0
55	2	1.020349	0.431353	1
75	3	0.443849	0.699177	0
66	4	0.545256	0.771332	0
57	5	0.406680	0.745028	0
73	0	0.519760	0.957373	0
64	1	0.700292	0.939138	0
55	2	1.019601	0.428796	1
75	3	0.446305	0.700823	0
66	4	0.541191	0.769074	0
57	5	0.408338	0.733492	0
73	0	0.518712	0.950845	0
64	1	0.700974	0.939138	0
55	2	1.020349	0.429583	1
75	3	0.445189	0.698560	0
66	4	0.538221	0.757336	0
57	5	0.419556	0.746818	0
73	0	0.520659	0.942780	0
64	1	0.702045	0.937632	0
55	2	1.021512	0.429583	1
75	3	0.443737	0.667284	0
66	4	0.570267	0.756208	0
57	5	0.503442	0.863962	0
73	0	0.525449	0.961597	0
64	1	0.706134	0.949382	0
55	2	1.023090	0.431157	1
75	3	0.472315	0.724280	0
66	4	0.595748	0.807449	0
57	5	0.446838	0.775258	0
73	0	0.527096	0.968126	0
64	1	0.706037	0.949684	0
55	2	1.022010	0.433517	1
75	3	0.470083	0.743416	0
66	4	0.587150	0.787359	0
57	5	0.432432	0.707836	0
73	0	0.524551	0.967742	0
64	1	0.703895	0.946369	0
55	2	1.020681	0.431747	1
75	3	0.453784	0.708436	0
66	4	0.561357	0.781264	0
57	5	0.469403	0.832140	0
73	0	0.521557	0.959293	0
64	1	0.701363	0.940343	0
55	2	1.020349	0.432927	1
75	3	0.448314	0.703292	0
66	4	0.551977	0.781941	0
57	5	0.408593	0.754773	0
76	0	0.988024	0.376344	0
67	1	0.638559	0.927689	0
58	2	0.840448	1.154799	0
78	3	0.379437	0.612346	0
69	4	0.414726	0.656208	0
60	5	0.568077	0.078958	0
76	0	0.967215	0.262673	0
67	1	0.664167	0.897258	0
58	2	0.876163	1.171519	0
78	3	0.388703	0.640741	0
69	4	0.472409	0.716479	0
60	5	0.627741	0.120724	0
76	0	0.978742	0.263057	0
67	1	0.672834	0.902682	0
58	2	0.881644	1.176829	0
78	3	0.395736	0.645473	0
69	4	0.474441	0.716930	0
60	5	0.625956	0.122912	0
76	0	0.981138	0.268049	0
67	1	0.675365	0.910515	0
58	2	0.884053	1.180173	0
78	3	0.401317	0.645679	0
69	4	0.477411	0.713770	0
60	5	0.631693	0.124105	0
76	0	0.983683	0.269585	0
67	1	0.675073	0.909310	0
58	2	0.884634	1.179780	0
78	3	0.403773	0.650206	0
69	4	0.478037	0.713318	0
60	5	0.627104	0.119729	0
76	0	0.985479	0.270353	0
67	1	0.676923	0.910515	0
58	2	0.885631	1.179780	0
78	3	0.408350	0.650823	0
69	4	0.478506	0.716479	0
60	5	0.627996	0.122912	0
76	0	0.988024	0.273041	0
67	1	0.678384	0.910817	0
58	2	0.886960	1.181157	0
78	3	0.413820	0.654115	0
69	4	0.483195	0.717607	0
60	5	0.635390	0.120525	0
76	0	0.988024	0.271505	0
67	1	0.679260	0.912323	0
58	2	0.886628	1.181353	0
78	3	0.409466	0.653704	0
69	4	0.482101	0.718284	0
60	5	0.625574	0.124304	0
76	0	0.988772	0.271889	0
67	1	0.679844	0.911419	0
58	2	0.888040	1.178600	0
78	3	0.412592	0.651235	0
69	4	0.485071	0.719639	0
60	5	0.632968	0.121122	0
76	0	0.989072	0.273809	0
67	1	0.678286	0.912926	0
58	2	0.886130	1.180370	0
78	3	0.413150	0.652881	0
69	4	0.480851	0.718510	0
60	5	0.627868	0.120525	0
76	0	0.991168	0.272273	0
67	1	0.677702	0.908105	0
58	2	0.886711	1.180960	0
78	3	0.417057	0.658642	0
69	4	0.484759	0.724605	0
60	5	0.632203	0.125696	0
76	0	0.992365	0.274962	0
67	1	0.678968	0.907201	0
58	2	0.886296	1.177813	0
78	3	0.416946	0.655761	0
69	4	0.484446	0.719865	0
60	5	0.629653	0.123906	0
76	0	0.991617	0.274962	0
67	1	0.679552	0.909310	0
58	2	0.887209	1.180960	0
78	3	0.415383	0.656379	0
69	4	0.483195	0.718510	0
60	5	0.625701	0.118934	0
76	0	0.991168	0.272657	0
67	1	0.680526	0.911118	0
58	2	0.888289	1.179976	0
78	3	0.418620	0.658230	0
69	4	0.488041	0.721670	0
60	5	0.630928	0.119928	0
76	0	0.990868	0.274962	0
67	1	0.678871	0.910817	0
58	2	0.887292	1.177813	0
78	3	0.416053	0.655967	0
69	4	0.480851	0.716704	0
60	5	0.623279	0.119729	0
76	0	0.989521	0.273041	0
67	1	0.679552	0.911419	0
58	2	0.886711	1.177419	0
78	3	0.420406	0.660082	0
69	4	0.488354	0.724379	0
60	5	0.629016	0.119531	0
77	0	0.475150	0.969662	0
68	1	0.645083	0.924375	0
59	2	0.841860	1.114083	0
79	3	0.293816	0.581482	0
70	4	0.438174	0.604740	0
61	5	0.346889	0.696102	0
77	0	0.491766	0.925115	0
68	1	0.665239	0.893341	0
59	2	0.855565	1.115657	0
79	3	0.333780	0.595885	0
70	4	0.477568	0.642889	0
61	5	0.378888	0.707637	0
77	0	0.496407	0.926651	0
68	1	0.668549	0.899970	0
59	2	0.859053	1.119197	0
79	3	0.344050	0.602881	0
70	4	0.476630	0.641761	0
61	5	0.375574	0.710024	0
77	0	0.498054	0.923963	0
68	1	0.671665	0.905092	0
59	2	0.862043	1.120378	0
79	3	0.354209	0.607202	0
70	4	0.484133	0.643567	0
61	5	0.381056	0.710223	0
77	0	0.495958	0.922427	0
68	1	0.672931	0.906297	0
59	2	0.861462	1.120181	0
79	3	0.357446	0.607407	0
70	4	0.481319	0.643567	0
61	5	0.374171	0.708035	0
77	0	0.496856	0.925499	0
68	1	0.674489	0.907201	0
59	2	0.862292	1.122738	0
79	3	0.360460	0.609877	0
70	4	0.479443	0.650790	0
61	5	0.376084	0.708035	0
77	0	0.495958	0.920891	0
68	1	0.676242	0.908707	0
59	2	0.863621	1.120574	0
79	3	0.363139	0.605761	0
70	4	0.477255	0.639729	0
61	5	0.378378	0.709626	0
77	0	0.498353	0.928571	0
68	1	0.678871	0.914131	0
59	2	0.864950	1.126279	0
79	3	0.358116	0.611728	0
70	4	0.468501	0.633183	0
61	5	0.376211	0.699881	0
77	0	0.502395	0.925499	0
68	1	0.680039	0.914131	0
59	2	0.865033	1.123722	0
79	3	0.365707	0.616872	0
70	4	0.471002	0.642889	0
61	5	0.396991	0.715394	0
77	0	0.498503	0.930876	0
68	1	0.681110	0.912926	0
59	2	0.869186	1.129622	0
79	3	0.361353	0.610905	0
70	4	0.464280	0.640406	0
61	5	0.394951	0.715593	0
77	0	0.498054	0.927419	0
68	1	0.682960	0.918650	0
59	2	0.868438	1.130409	0
79	3	0.365260	0.613786	0
70	4	0.468501	0.644244	0
61	5	0.396099	0.716388	0
77	0	0.496707	0.930491	0
68	1	0.682668	0.915035	0
59	2	0.868605	1.129032	0
79	3	0.366935	0.614609	0
70	4	0.468501	0.646275	0
61	5	0.395462	0.716786	0
77	0	0.499251	0.929724	0
68	1	0.683155	0.917144	0
59	2	0.869850	1.132770	0
79	3	0.365707	0.617284	0
70	4	0.465374	0.642664	0
61	5	0.394187	0.719173	0
77	0	0.497605	0.929339	0
68	1	0.682765	0.911118	0
59	2	0.868272	1.130212	0
79	3	0.368274	0.613992	0
70	4	0.468657	0.637698	0
61	5	0.395462	0.716587	0
77	0	0.495359	0.931260	0
68	1	0.682279	0.918048	0
59	2	0.868605	1.129032	0
79	3	0.366600	0.616049	0
70	4	0.464280	0.642664	0
61	5	0.389597	0.712609	0
78	0	0.485778	0.981183	0
69	1	0.679357	0.963543	0
60	2	1.013372	0.442565	1
80	3	0.712324	0.210905	0
71	4	0.381272	0.662528	0
62	5	0.281489	0.654336	0
78	0	0.501048	0.925115	0
69	1	0.693379	0.921663	0
60	2	1.018937	0.430567	1
80	3	0.717236	0.195062	0
71	4	0.391903	0.656208	0
62	5	0.283784	0.638823	0
78	0	0.510030	0.942012	0
69	1	0.698247	0.930401	0
60	2	1.020598	0.430370	1
80	3	0.719357	0.188066	0
71	4	0.398468	0.662528	0
62	5	0.281616	0.627486	0
78	0	0.510030	0.942396	0
69	1	0.699805	0.931305	0
60	2	1.020764	0.429583	1
80	3	0.726501	0.195062	0
71	4	0.404565	0.665237	0
62	5	0.296915	0.645386	0
78	0	0.524102	0.965054	0
69	1	0.709737	0.913528	0
60	2	1.010963	0.425649	1
80	3	0.770708	0.213786	0
71	4	0.321713	0.627314	0
62	5	0.276772	0.629475	0
78	0	0.530090	0.949693	0
69	1	0.692405	0.907201	0
60	2	1.013953	0.430370	1
80	3	0.800402	0.231893	0
71	4	0.364077	0.664560	0
62	5	0.258797	0.607597	0
78	0	0.475898	0.964670	0
69	1	0.715190	0.921663	0
60	2	1.004153	0.410897	1
80	3	0.839696	0.254321	0
71	4	0.396280	0.663883	0
62	5	0.244263	0.618138	0
78	0	0.576048	0.999616	0
69	1	0.714314	0.921964	0
60	2	0.991694	0.390834	0
80	3	0.824291	0.243621	0
71	4	0.419103	0.663205	0
62	5	0.272820	0.639618	0
78	0	0.554042	0.972734	0
69	1	0.707400	0.939741	0
60	2	0.992276	0.407160	0
80	3	0.822840	0.276955	0
71	4	0.414882	0.665689	0
62	5	0.268740	0.619531	0
78	0	0.526946	0.945852	0
69	1	0.711782	0.938536	0
60	2	0.998920	0.411094	0
80	3	0.791360	0.248971	0
71	4	0.394404	0.650113	0
62	5	0.266828	0.625298	0
78	0	0.546706	0.951997	0
69	1	0.711295	0.933715	0
60	2	1.000249	0.416208	1
80	3	0.765015	0.223045	0
71	4	0.377677	0.650113	0
62	5	0.276645	0.625895	0
78	0	0.554192	0.968894	0
69	1	0.710711	0.931003	0
60	2	0.999585	0.415814	0
80	3	0.756642	0.222222	0
71	4	0.373456	0.651016	0
62	5	0.271035	0.631862	0
78	0	0.555239	0.968894	0
69	1	0.705550	0.918952	0
60	2	0.998920	0.413847	0
80	3	0.751842	0.212346	0
71	4	0.376114	0.649887	0
62	5	0.272820	0.627685	0
78	0	0.555539	0.973886	0
69	1	0.708179	0.927388	0
60	2	1.000000	0.415028	0
80	3	0.748940	0.209671	0
71	4	0.374394	0.650790	0
62	5	0.273075	0.633850	0
78	0	0.551198	0.956989	0
69	1	0.711100	0.926484	0
60	2	0.998837	0.415028	0
80	3	0.747600	0.206790	0
71	4	0.372987	0.651016	0
62	5	0.265171	0.624901	0
78	0	0.548353	0.956989	0
69	1	0.707790	0.926484	0
60	2	0.999335	0.414241	0
80	3	0.749944	0.203909	0
71	4	0.373144	0.652144	0
62	5	0.268358	0.621917	0
71	0	0.443563	0.847926	0
70	1	0.620448	0.760771	0
69	2	0.789037	1.010228	0
53	3	0.514289	0.735185	0
52	4	0.812569	0.108804	0
51	5	0.479220	0.853222	0
71	0	0.425599	0.819892	0
70	1	0.647517	0.864116	0
69	2	0.836545	1.028128	0
53	3	0.504577	0.758025	0
52	4	0.832265	0.114221	0
51	5	0.545895	0.840095	0
71	0	0.505988	0.911290	0
70	1	0.659007	0.842422	0
69	2	0.785963	0.985838	0
53	3	0.578254	0.814198	0
52	4	0.857121	0.142889	0
51	5	0.551887	0.820207	0
71	0	0.523952	0.911290	0
70	1	0.654528	0.839410	0
69	2	0.786545	0.992132	0
53	3	0.603148	0.850000	0
52	4	0.865249	0.218736	0
51	5	0.530979	0.835123	0
71	0	0.519760	0.943932	0
70	1	0.659786	0.863513	0
69	2	0.798173	1.003541	0
53	3	0.571333	0.802263	0
52	4	0.799750	0.111964	0
51	5	0.517211	0.819212	0
71	0	0.480688	0.902074	0
70	1	0.655209	0.836698	0
69	2	0.799751	0.998230	0
53	3	0.560281	0.787654	0
52	4	0.782242	0.108578	0
51	5	0.511346	0.804097	0
71	0	0.460479	0.846006	0
70	1	0.655696	0.832178	0
69	2	0.803488	1.005114	0
53	3	0.563295	0.780453	0
52	4	0.786306	0.097065	0
51	5	0.509689	0.803500	0
71	0	0.462275	0.850998	0
70	1	0.657254	0.839410	0
69	2	0.805233	1.006688	0
53	3	0.560951	0.783128	0
52	4	0.783961	0.102257	0
51	5	0.513386	0.810859	0
71	0	0.466317	0.865591	0
70	1	0.657838	0.838204	0
69	2	0.807060	1.008655	0
53	3	0.559835	0.781276	0
52	4	0.791152	0.108804	0
51	5	0.515043	0.805489	0
71	0	0.457934	0.846390	0
70	1	0.656670	0.839410	0
69	2	0.807226	1.008851	0
53	3	0.558495	0.779835	0
52	4	0.786462	0.104740	0
51	5	0.521035	0.812649	0
71	0	0.460928	0.844086	0
70	1	0.653846	0.831877	0
69	2	0.806728	1.005704	0
53	3	0.556598	0.777572	0
52	4	0.790996	0.107901	0
51	5	0.521163	0.810064	0
71	0	0.457335	0.846390	0
70	1	0.654041	0.829467	0
69	2	0.808555	1.007671	0
53	3	0.557156	0.776955	0
52	4	0.783492	0.096840	0
51	5	0.520143	0.810064	0
71	0	0.452545	0.843318	0
70	1	0.653554	0.826454	0
69	2	0.807475	1.006491	0
53	3	0.558272	0.778395	0
52	4	0.783023	0.102032	0
51	5	0.518231	0.808870	0
71	0	0.453742	0.839478	0
70	1	0.653651	0.830069	0
69	2	0.810133	1.008458	0
53	3	0.558607	0.778189	0
52	4	0.783961	0.099549	0
51	5	0.518613	0.808473	0
71	0	0.453293	0.841782	0
70	1	0.654528	0.829165	0
69	2	0.810050	1.008261	0
53	3	0.557156	0.777778	0
52	4	0.781929	0.099549	0
51	5	0.519633	0.810461	0
71	0	0.453293	0.886329	0
70	1	0.651412	0.865622	0
69	2	0.806561	1.016326	0
53	3	0.553807	0.794239	0
52	4	0.780053	0.110835	0
51	5	0.515426	0.821798	0
71	0	0.445509	0.836021	0
70	1	0.652191	0.826152	0
69	2	0.810382	1.008655	0
53	3	0.553472	0.775103	0
52	4	0.779272	0.099549	0
51	5	0.517593	0.809268	0
71	0	0.452545	0.841398	0
70	1	0.654528	0.829768	0
69	2	0.811711	1.009245	0
53	3	0.554811	0.774486	0
52	4	0.783180	0.101806	0
51	5	0.520015	0.807080	0
71	0	0.453144	0.842934	0
70	1	0.656670	0.832781	0
69	2	0.813787	1.014949	0
53	3	0.556039	0.777160	0
52	4	0.782242	0.106321	0
51	5	0.522437	0.810064	0
71	0	0.452545	0.846006	0
70	1	0.657254	0.834589	0
69	2	0.813289	1.011408	0
53	3	0.556262	0.777778	0
52	4	0.781304	0.100451	0
51	5	0.524987	0.813445	0
71	0	0.453293	0.844470	0
70	1	0.657157	0.827960	0
69	2	0.814203	1.013179	0
53	3	0.556374	0.777366	0
52	4	0.782711	0.095937	0
51	5	0.523075	0.814439	0
71	0	0.451347	0.837558	0
70	1	0.655599	0.830973	0
69	2	0.812542	1.011408	0
53	3	0.555146	0.774897	0
52	4	0.784743	0.107223	0
51	5	0.522055	0.810263	0
71	0	0.454192	0.843702	0
70	1	0.656280	0.830069	0
69	2	0.814950	1.015342	0
53	3	0.556374	0.773868	0
52	4	0.783961	0.099774	0
51	5	0.523712	0.807478	0
71	0	0.454341	0.845238	0
70	1	0.657254	0.831877	0
69	2	0.813538	1.013179	0
53	3	0.555481	0.774897	0
52	4	0.779115	0.098871	0
51	5	0.524095	0.811854	0
71	0	0.452395	0.844854	0
70	1	0.657254	0.833082	0
69	2	0.815116	1.012785	0
53	3	0.554700	0.774074	0
52	4	0.781616	0.101806	0
51	5	0.524732	0.814439	0
71	0	0.453742	0.844854	0
70	1	0.657254	0.835493	0
69	2	0.814452	1.012589	0
53	3	0.555928	0.772634	0
52	4	0.780678	0.100451	0
51	5	0.523457	0.810660	0
71	0	0.452245	0.843702	0
70	1	0.658228	0.833986	0
69	2	0.815116	1.015146	0
53	3	0.553472	0.772222	0
52	4	0.779584	0.099097	0
51	5	0.523840	0.812052	0
71	0	0.454491	0.840630	0
70	1	0.657352	0.830973	0
69	2	0.814369	1.014162	0
53	3	0.554476	0.775103	0
52	4	0.780678	0.099097	0
51	5	0.526007	0.815036	0
71	0	0.450599	0.840246	0
70	1	0.658033	0.833384	0
69	2	0.815781	1.015736	0
53	3	0.554588	0.773663	0
52	4	0.780678	0.100903	0
51	5	0.524860	0.813644	0
71	0	0.452096	0.844470	0
70	1	0.658228	0.832480	0
69	2	0.815365	1.012982	0
53	3	0.555481	0.773868	0
52	4	0.780835	0.098420	0
51	5	0.525242	0.812052	0
71	0	0.451946	0.844086	0
70	1	0.657059	0.829768	0
69	2	0.816445	1.016719	0
53	3	0.553695	0.775103	0
52	4	0.778177	0.098646	0
51	5	0.524860	0.811456	0
44	0	0.467066	0.917435	0
43	1	0.632814	0.855679	0
42	2	0.710133	0.908930	0
26	3	0.492521	0.754527	0
25	4	0.666875	0.854402	0
24	5	0.572795	0.898369	0
44	0	0.474701	0.894777	0
43	1	0.649854	0.830672	0
42	2	0.741777	0.930370	0
26	3	0.495758	0.700617	0
25	4	0.731124	0.868849	0
24	5	0.607471	0.893596	0
44	0	0.469012	0.863671	0
43	1	0.655794	0.833685	0
42	2	0.742774	0.920732	0
26	3	0.520652	0.751440	0
25	4	0.740191	0.876298	0
24	5	0.613717	0.893994	0
44	0	0.467066	0.865975	0
43	1	0.654917	0.834890	0
42	2	0.744934	0.928403	0
26	3	0.504242	0.723251	0
25	4	0.743473	0.875621	0
24	5	0.616650	0.899364	0
44	0	0.470210	0.859831	0
43	1	0.658520	0.832781	0
42	2	0.749585	0.928206	0
26	3	0.506363	0.719959	0
25	4	0.746444	0.875395	0
24	5	0.613972	0.897574	0
44	0	0.475299	0.876728	0
43	1	0.659202	0.835794	0
42	2	0.750166	0.933124	0
26	3	0.510270	0.723868	0
25	4	0.750039	0.876072	0
24	5	0.613972	0.892005	0
44	0	0.472305	0.857911	0
43	1	0.659299	0.830371	0
42	2	0.750997	0.930763	0
26	3	0.512280	0.722017	0
25	4	0.753166	0.881038	0
24	5	0.616267	0.896579	0
44	0	0.472156	0.864439	0
43	1	0.662123	0.843326	0
42	2	0.752326	0.935484	0
26	3	0.513061	0.725720	0
25	4	0.756292	0.881490	0
24	5	0.616905	0.891806	0
44	0	0.468862	0.863671	0
43	1	0.664460	0.851160	0
42	2	0.752076	0.939025	0
26	3	0.514177	0.728189	0
25	4	0.761764	0.884876	0
24	5	0.614100	0.893994	0
44	0	0.473054	0.869816	0
43	1	0.661149	0.838807	0
42	2	0.750914	0.930960	0
26	3	0.517303	0.729012	0
25	4	0.765202	0.886907	0
24	5	0.611933	0.889419	0
44	0	0.469910	0.862519	0
43	1	0.660467	0.838506	0
42	2	0.751744	0.933124	0
26	3	0.517861	0.729835	0
25	4	0.767235	0.886682	0
24	5	0.614100	0.890016	0
44	0	0.473353	0.869816	0
43	1	0.660370	0.839108	0
42	2	0.751163	0.931943	0
26	3	0.517749	0.728601	0
25	4	0.768485	0.891874	0
24	5	0.614865	0.894590	0
44	0	0.471557	0.874040	0
43	1	0.661538	0.840012	0
42	2	0.751412	0.934500	0
26	3	0.517191	0.729835	0
25	4	0.772393	0.890293	0
24	5	0.617032	0.894590	0
44	0	0.469760	0.864823	0
43	1	0.661928	0.840916	0
42	2	0.751993	0.932927	0
26	3	0.518531	0.730247	0
25	4	0.766453	0.886005	0
24	5	0.614355	0.892005	0
44	0	0.466766	0.863287	0
43	1	0.658520	0.830973	0
42	2	0.749834	0.929780	0
26	3	0.514959	0.730041	0
25	4	0.771455	0.890519	0
24	5	0.614610	0.893397	0
35	0	0.795210	0.182028	0
34	1	0.694547	0.887918	0
33	2	0.807558	0.994493	0
17	3	0.478120	0.716049	0
16	4	0.681101	0.853047	0
15	5	0.594722	0.851830	0
35	0	0.793712	0.141705	0
34	1	0.654625	0.829768	0
33	2	0.820598	1.006884	0
17	3	0.490511	0.698765	0
16	4	0.675473	0.850790	0
15	5	0.564890	0.833134	0
35	0	0.792215	0.137865	0
34	1	0.662317	0.843326	0
33	2	0.824502	1.008851	0
17	3	0.498214	0.704938	0
16	4	0.677818	0.852370	0
15	5	0.568332	0.837112	0
35	0	0.795210	0.139401	0
34	1	0.661441	0.840012	0
33	2	0.828987	1.017899	0
17	3	0.504354	0.710905	0
16	4	0.689073	0.855982	0
15	5	0.573177	0.842482	0
35	0	0.793712	0.132872	0
34	1	0.660662	0.841519	0
33	2	0.832309	1.015539	0
17	3	0.507368	0.711934	0
16	4	0.690636	0.857111	0
15	5	0.573559	0.842482	0
35	0	0.797455	0.139017	0
34	1	0.663583	0.842724	0
33	2	0.835465	1.016326	0
17	3	0.510940	0.716461	0
16	4	0.691730	0.856885	0
15	5	0.576109	0.842681	0
35	0	0.796108	0.129416	0
34	1	0.662220	0.836999	0
33	2	0.836130	1.023603	0
17	3	0.509712	0.715226	0
16	4	0.693137	0.861174	0
15	5	0.573559	0.839300	0
35	0	0.798952	0.136329	0
34	1	0.666797	0.849352	0
33	2	0.839203	1.023997	0
17	3	0.510270	0.711317	0
16	4	0.693137	0.859594	0
15	5	0.577129	0.842482	0
35	0	0.798204	0.132872	0
34	1	0.664362	0.842121	0
33	2	0.840033	1.026357	0
17	3	0.513061	0.718518	0
16	4	0.693450	0.862303	0
15	5	0.577384	0.845863	0
35	0	0.794461	0.133641	0
34	1	0.666115	0.856583	0
33	2	0.840615	1.030488	0
17	3	0.516633	0.722017	0
16	4	0.690324	0.855530	0
15	5	0.577639	0.843476	0
35	0	0.799551	0.136713	0
34	1	0.667673	0.851461	0
33	2	0.840033	1.023210	0
17	3	0.516968	0.716461	0
16	4	0.695170	0.858465	0
15	5	0.578021	0.844670	0
35	0	0.796407	0.129416	0
34	1	0.666407	0.851461	0
33	2	0.843272	1.026554	0
17	3	0.514400	0.714815	0
16	4	0.694388	0.860722	0
15	5	0.578149	0.842482	0
35	0	0.795958	0.141321	0
34	1	0.666894	0.855378	0
33	2	0.843106	1.034422	0
17	3	0.520205	0.721605	0
16	4	0.694075	0.859368	0
15	5	0.575982	0.841885	0
35	0	0.793114	0.128264	0
34	1	0.664362	0.844531	0
33	2	0.839369	1.027734	0
17	3	0.518308	0.720370	0
16	4	0.693294	0.854628	0
15	5	0.576237	0.840692	0
35	0	0.794910	0.127880	0
34	1	0.662804	0.848750	0
33	2	0.838953	1.025570	0
17	3	0.520094	0.725720	0
16	4	0.696264	0.857111	0
15	5	0.577639	0.843874	0
35	0	0.802844	0.124040	0
34	1	0.665044	0.852968	0
33	2	0.845681	1.040519	0
17	3	0.520205	0.724486	0
16	4	0.695639	0.859594	0
15	5	0.577639	0.837709	0
26	0	0.477844	0.923579	0
25	1	0.690847	0.953601	0
24	2	0.848588	1.080449	0
8	3	0.228176	0.514815	0
7	4	0.674222	0.856208	0
6	5	1.036334	0.365951	1
26	0	0.483233	0.893241	0
25	1	0.737098	0.987647	0
24	2	0.850083	1.082219	0
8	3	0.228064	0.497942	0
7	4	0.702048	0.834989	0
6	5	1.055201	0.363365	1
26	0	0.483533	0.898617	0
25	1	0.739922	0.995179	0
24	2	0.851744	1.082219	0
8	3	0.231078	0.502469	0
7	4	0.710333	0.837020	0
6	5	1.054437	0.361177	1
26	0	0.478742	0.884409	0
25	1	0.738559	0.992769	0
24	2	0.853073	1.082022	0
8	3	0.233981	0.503086	0
7	4	0.721588	0.846727	0
6	5	1.053289	0.355808	1
26	0	0.476347	0.880952	0
25	1	0.741091	1.000603	0
24	2	0.854651	1.088710	0
8	3	0.236772	0.498560	0
7	4	0.718462	0.829345	0
6	5	1.060556	0.358393	1
26	0	0.480239	0.883641	0
25	1	0.740798	0.989153	0
24	2	0.858472	1.094807	0
8	3	0.242800	0.507613	0
7	4	0.727685	0.841761	0
6	5	1.063998	0.362769	1
26	0	0.472455	0.876728	0
25	1	0.739922	0.998192	0
24	2	0.859967	1.094020	0
8	3	0.244697	0.509877	0
7	4	0.733000	0.848081	0
6	5	1.069352	0.363564	1
26	0	0.477395	0.882488	0
25	1	0.739922	0.994878	0
24	2	0.858804	1.089890	0
8	3	0.248046	0.509877	0
7	4	0.735970	0.836795	0
6	5	1.071392	0.361575	1
26	0	0.472605	0.869816	0
25	1	0.737780	0.991564	0
24	2	0.857973	1.092447	0
8	3	0.247935	0.505556	0
7	4	0.739722	0.841761	0
6	5	1.076109	0.367343	1
26	0	0.478593	0.882872	0
25	1	0.738559	0.991564	0
24	2	0.859801	1.096774	0
8	3	0.258875	0.514609	0
7	4	0.742848	0.847178	0
6	5	1.078531	0.371122	1
26	0	0.479491	0.893241	0
25	1	0.741285	0.993974	0
24	2	0.860133	1.096774	0
8	3	0.263675	0.525926	0
7	4	0.748632	0.849436	0
6	5	1.083758	0.375099	1
26	0	0.480090	0.887097	0
25	1	0.742064	1.000603	0
24	2	0.859718	1.096381	0
8	3	0.264680	0.523868	0
7	4	0.749101	0.847178	0
6	5	1.081208	0.368735	1
26	0	0.477245	0.892473	0
25	1	0.739922	0.994878	0
24	2	0.861046	1.097168	0
8	3	0.264233	0.528807	0
7	4	0.750664	0.850790	0
6	5	1.084906	0.372912	1
26	0	0.471108	0.885945	0
25	1	0.740896	0.995179	0
24	2	0.859551	1.097168	0
8	3	0.258986	0.530247	0
7	4	0.748476	0.847630	0
6	5	1.080444	0.378481	1
26	0	0.470359	0.881336	0
25	1	0.740506	0.997891	0
24	2	0.861296	1.100315	0
8	3	0.255749	0.526955	0
7	4	0.744099	0.852822	0
6	5	1.074834	0.371519	1
7	0	0.488024	0.943932	0
16	1	0.573613	0.765893	0
25	2	0.688704	0.859559	0
5	3	0.594776	0.871605	0
14	4	0.612475	0.845824	0
23	5	0.957547	0.278640	0
7	0	0.498054	0.899001	0
16	1	0.584226	0.757156	0
25	2	0.697259	0.868411	0
5	3	0.649699	0.880453	0
14	4	0.682507	0.878781	0
23	5	0.986742	0.311655	0
7	0	0.515120	0.935100	0
16	1	0.582765	0.740283	0
25	2	0.695100	0.857199	0
5	3	0.668006	0.890535	0
14	4	0.703767	0.886907	0
23	5	0.979475	0.288783	0
7	0	0.513174	0.917819	0
16	1	0.582765	0.735161	0
25	2	0.695100	0.854249	0
5	3	0.679839	0.894650	0
14	4	0.715335	0.890971	0
23	5	0.981769	0.277048	0
7	0	0.522605	0.937788	0
16	1	0.585102	0.733052	0
25	2	0.697757	0.847168	0
5	3	0.684974	0.894239	0
14	4	0.724402	0.895034	0
23	5	0.995538	0.290772	0
7	0	0.520509	0.925115	0
16	1	0.586271	0.733655	0
25	2	0.697591	0.855626	0
5	3	0.688993	0.897119	0
14	4	0.726903	0.892551	0
23	5	0.994391	0.281225	0
7	0	0.521257	0.925499	0
16	1	0.591724	0.742694	0
25	2	0.702159	0.858969	0
5	3	0.689775	0.891564	0
14	4	0.731280	0.895034	0
23	5	1.001912	0.291965	1
7	0	0.526347	0.932028	0
16	1	0.591334	0.755951	0
25	2	0.700415	0.853855	0
5	3	0.692677	0.893827	0
14	4	0.732062	0.892777	0
23	5	1.004590	0.289578	1
7	0	0.524251	0.931260	0
16	1	0.586952	0.735161	0
25	2	0.704319	0.858773	0
5	3	0.697700	0.901852	0
14	4	0.735345	0.898646	0
23	5	1.008924	0.295545	1
7	0	0.526796	0.923963	0
16	1	0.592892	0.739379	0
25	2	0.708887	0.868804	0
5	3	0.696361	0.898148	0
14	4	0.738940	0.898646	0
23	5	1.007904	0.289578	1
7	0	0.533084	0.937788	0
16	1	0.593963	0.760771	0
25	2	0.703904	0.866640	0
5	3	0.698370	0.900617	0
14	4	0.743317	0.901580	0
23	5	1.023457	0.301313	1
7	0	0.532186	0.925499	0
16	1	0.588608	0.736065	0
25	2	0.702243	0.858576	0
5	3	0.699040	0.899589	0
14	4	0.735657	0.896840	0
23	5	1.027537	0.309069	1
7	0	0.538323	0.944316	0
16	1	0.589971	0.739982	0
25	2	0.701827	0.860936	0
5	3	0.698370	0.897531	0
14	4	0.738471	0.897517	0
23	5	1.016063	0.303699	1
7	0	0.535778	0.935868	0
16	1	0.593768	0.745405	0
25	2	0.704817	0.858773	0
5	3	0.700268	0.901852	0
14	4	0.737533	0.896388	0
23	5	1.018230	0.298528	1
7	0	0.535329	0.932412	0
16	1	0.599708	0.759566	0
25	2	0.702990	0.861526	0
5	3	0.702501	0.900823	0
14	4	0.740347	0.895937	0
23	5	1.020653	0.302108	1
7	0	0.536377	0.942396	0
16	1	0.597468	0.754444	0
25	2	0.706395	0.859166	0
5	3	0.701607	0.901029	0
14	4	0.739565	0.896840	0
23	5	1.020270	0.301909	1
6	0	0.578593	0.065668	0
15	1	0.465725	0.585116	0
24	2	0.569684	0.711644	0
4	3	0.952780	0.341358	0
13	4	0.650618	0.851016	0
22	5	0.648521	0.945903	0
6	0	0.594162	0.054147	0
15	1	0.486465	0.580597	0
24	2	0.601744	0.720299	0
4	3	0.938714	0.291975	0
13	4	0.670158	0.850564	0
22	5	0.670959	0.943715	0
6	0	0.603293	0.021121	0
15	1	0.490263	0.591443	0
24	2	0.629485	0.779111	0
4	3	0.937709	0.283333	0
13	4	0.671721	0.855756	0
22	5	0.678480	0.946698	0
6	0	0.621856	0.052611	0
15	1	0.486271	0.573064	0
24	2	0.625997	0.767112	0
4	3	0.939942	0.286831	0
13	4	0.676411	0.852370	0
22	5	0.680903	0.946897	0
6	0	0.626347	0.050307	0
15	1	0.489192	0.572763	0
24	2	0.622425	0.767112	0
4	3	0.939830	0.282716	0
13	4	0.677036	0.852822	0
22	5	0.685110	0.949483	0
6	0	0.633682	0.056836	0
15	1	0.495618	0.586924	0
24	2	0.620847	0.738002	0
4	3	0.942733	0.287860	0
13	4	0.674535	0.853047	0
22	5	0.688934	0.954057	0
6	0	0.627245	-0.003456	0
15	1	0.514508	0.649593	0
24	2	0.659552	0.845987	0
4	3	0.942286	0.285185	0
13	4	0.678130	0.855982	0
22	5	0.687150	0.950676	0
6	0	0.647904	0.078725	0
15	1	0.500487	0.595059	0
24	2	0.630066	0.767506	0
4	3	0.939384	0.288683	0
13	4	0.675317	0.850564	0
22	5	0.686384	0.948488	0
6	0	0.643114	0.041475	0
15	1	0.502240	0.592347	0
24	2	0.627658	0.765146	0
4	3	0.935700	0.282922	0
13	4	0.675786	0.846275	0
22	5	0.687277	0.950080	0
6	0	0.655838	0.040707	0
15	1	0.507498	0.583308	0
24	2	0.633056	0.763965	0
4	3	0.937932	0.278189	0
13	4	0.673597	0.848307	0
22	5	0.688424	0.951671	0
6	0	0.668114	0.090630	0
15	1	0.525219	0.624887	0
24	2	0.633056	0.754721	0
4	3	0.941616	0.285185	0
13	4	0.675004	0.849887	0
22	5	0.691356	0.951671	0
6	0	0.666167	0.079493	0
15	1	0.529114	0.635131	0
24	2	0.647758	0.787962	0
4	3	0.939384	0.289095	0
13	4	0.675004	0.849210	0
22	5	0.690082	0.952466	0
6	0	0.672006	0.074885	0
15	1	0.530672	0.637843	0
24	2	0.654153	0.795633	0
4	3	0.937709	0.285803	0
13	4	0.676567	0.852370	0
22	5	0.689827	0.951870	0
6	0	0.661227	0.061060	0
15	1	0.522882	0.607713	0
24	2	0.640615	0.787962	0
4	3	0.938156	0.277984	0
13	4	0.672347	0.845598	0
22	5	0.682050	0.952466	0
6	0	0.668712	0.068356	0
15	1	0.530575	0.633323	0
24	2	0.633721	0.768883	0
4	3	0.940612	0.289095	0
13	4	0.677193	0.851693	0
22	5	0.681285	0.943119	0
5	0	0.543114	0.972734	0
14	1	0.583252	0.784272	0
23	2	0.817857	0.238985	0
3	3	0.763228	0.975720	0
12	4	0.723777	0.895711	0
21	5	0.525752	0.860183	0
5	0	0.540868	0.912826	0
14	1	0.590652	0.717083	0
23	2	0.836711	0.266522	0
3	3	0.767805	0.957819	0
12	4	0.737221	0.891648	0
21	5	0.549975	0.856006	0
5	0	0.579042	0.951613	0
14	1	0.613535	0.830672	0
23	2	0.821179	0.257671	0
3	3	0.772717	0.959259	0
12	4	0.742379	0.901354	0
21	5	0.558261	0.860382	0
5	0	0.593413	0.996544	0
14	1	0.593866	0.766195	0
23	2	0.821429	0.245279	0
3	3	0.773945	0.958025	0
12	4	0.743942	0.895937	0
21	5	0.559664	0.864161	0
5	0	0.589221	0.976190	0
14	1	0.587829	0.720699	0
23	2	0.817276	0.239575	0
3	3	0.774168	0.959877	0
12	4	0.740660	0.894131	0
21	5	0.561576	0.862570	0
5	0	0.587575	1.029570	0
14	1	0.612756	0.784574	0
23	2	0.822342	0.221479	0
3	3	0.776066	0.956584	0
12	4	0.745193	0.895711	0
21	5	0.562596	0.864161	0
5	0	0.558533	0.968126	0
14	1	0.616650	0.802651	0
23	2	0.842027	0.265146	0
3	3	0.776066	0.958436	0
12	4	0.746287	0.896614	0
21	5	0.564890	0.864161	0
5	0	0.547754	0.950077	0
14	1	0.610224	0.812594	0
23	2	0.841196	0.264359	0
3	3	0.778969	0.959465	0
12	4	0.745349	0.896163	0
21	5	0.563488	0.860382	0
5	0	0.542365	0.939708	0
14	1	0.595716	0.751130	0
23	2	0.841777	0.260425	0
3	3	0.778745	0.961317	0
12	4	0.748007	0.896614	0
21	5	0.568077	0.864161	0
5	0	0.543713	0.937404	0
14	1	0.599416	0.757156	0
23	2	0.837541	0.259245	0
3	3	0.777406	0.961934	0
12	4	0.746756	0.895937	0
21	5	0.572922	0.868735	0
5	0	0.548353	0.940860	0
14	1	0.605745	0.768906	0
23	2	0.838040	0.256688	0
3	3	0.777852	0.960288	0
12	4	0.747694	0.897066	0
21	5	0.573942	0.869531	0
5	0	0.545958	0.950845	0
14	1	0.608763	0.794215	0
23	2	0.840615	0.261408	0
3	3	0.777182	0.961111	0
12	4	0.745662	0.896163	0
21	5	0.572667	0.868536	0
5	0	0.547305	0.940860	0
14	1	0.599221	0.774028	0
23	2	0.841196	0.259835	0
3	3	0.779415	0.960288	0
12	4	0.746600	0.892099	0
21	5	0.576109	0.873508	0
5	0	0.542365	0.940860	0
14	1	0.594742	0.758060	0
23	2	0.841777	0.259638	0
3	3	0.778410	0.961317	0
12	4	0.749101	0.898194	0
21	5	0.574707	0.872713	0
5	0	0.541467	0.938556	0
14	1	0.597274	0.747514	0
23	2	0.843771	0.258655	0
3	3	0.777406	0.954938	0
12	4	0.747850	0.896163	0
21	5	0.575599	0.871718	0
5	0	0.544162	0.932796	0
14	1	0.608277	0.766797	0
23	2	0.845266	0.257671	0
3	3	0.777964	0.959877	0
12	4	0.745975	0.892551	0
21	5	0.572285	0.871321	0
30	0	0.512425	1.033794	0
31	1	0.680234	0.948478	0
32	2	0.758555	0.920732	0
48	3	0.632284	0.872222	0
49	4	0.764577	0.097743	0
50	5	0.329806	0.704256	0
30	0	0.579341	1.015361	0
31	1	0.715190	0.952395	0
32	2	0.782558	0.941581	0
48	3	0.672025	0.878189	0
49	4	0.801938	0.102483	0
50	5	0.342682	0.701273	0
30	0	0.599701	1.019969	0
31	1	0.726777	0.962037	0
32	2	0.789286	0.942565	0
48	3	0.689440	0.887037	0
49	4	0.812412	0.104063	0
50	5	0.352116	0.701273	0
30	0	0.611078	1.029954	0
31	1	0.734956	0.969268	0
32	2	0.796844	0.946892	0
48	3	0.696584	0.887860	0
49	4	0.821948	0.106095	0
50	5	0.361040	0.700676	0
30	0	0.620060	1.038402	0
31	1	0.740312	0.981621	0
32	2	0.803821	0.959874	0
48	3	0.704175	0.894650	0
49	4	0.831015	0.114447	0
50	5	0.371367	0.719968	0
30	0	0.625599	1.045315	0
31	1	0.744109	1.005725	0
32	2	0.810133	0.993116	0
48	3	0.708640	0.897531	0
49	4	0.834923	0.118284	0
50	5	0.371367	0.731703	0
30	0	0.627245	1.041475	0
31	1	0.735540	0.974993	0
32	2	0.792608	0.946105	0
48	3	0.707971	0.895473	0
49	4	0.829451	0.115350	0
50	5	0.354538	0.712013	0
30	0	0.630838	1.046083	0
31	1	0.733788	0.968364	0
32	2	0.792027	0.942172	0
48	3	0.709422	0.894856	0
49	4	0.825700	0.109707	0
50	5	0.355813	0.705052	0
30	0	0.631886	1.042627	0
31	1	0.733885	0.966857	0
32	2	0.791113	0.939025	0
48	3	0.712436	0.896502	0
49	4	0.828982	0.109481	0
50	5	0.351734	0.703063	0
30	0	0.632186	1.047235	0
31	1	0.733982	0.966857	0
32	2	0.790698	0.941975	0
48	3	0.712101	0.895062	0
49	4	0.827263	0.111287	0
50	5	0.352371	0.700278	0
30	0	0.632485	1.044547	0
31	1	0.734177	0.956011	0
32	2	0.791860	0.931550	0
48	3	0.716120	0.898560	0
49	4	0.833672	0.112415	0
50	5	0.359765	0.708831	0
30	0	0.634281	1.043395	0
31	1	0.740312	0.974691	0
32	2	0.795847	0.946696	0
48	3	0.715003	0.897942	0
49	4	0.831640	0.112867	0
50	5	0.354921	0.700278	0
30	0	0.633682	1.044163	0
31	1	0.740506	0.972883	0
32	2	0.796429	0.942565	0
48	3	0.715673	0.897942	0
49	4	0.835235	0.111738	0
50	5	0.366395	0.709228	0
30	0	0.637575	1.050691	0
31	1	0.742259	0.975294	0
32	2	0.797758	0.945909	0
48	3	0.717459	0.898354	0
49	4	0.835235	0.112415	0
50	5	0.364355	0.711217	0
30	0	0.636078	1.046851	0
31	1	0.742064	0.977403	0
32	2	0.797840	0.945122	0
48	3	0.716678	0.897325	0
49	4	0.836642	0.114221	0
50	5	0.364865	0.711814	0
39	0	0.971707	0.322581	0
40	1	0.698539	0.971980	0
41	2	0.808804	1.015146	0
57	3	0.503126	0.761728	0
58	4	0.677505	0.829345	0
59	5	0.453340	0.779435	0
39	0	0.961677	0.234639	0
40	1	0.702337	0.925580	0
41	2	0.776329	1.017703	0
57	3	0.518419	0.762551	0
58	4	0.707050	0.847404	0
59	5	0.452575	0.765712	0
39	0	0.969461	0.238863	0
40	1	0.705161	0.929798	0
41	2	0.779485	1.015146	0
57	3	0.524671	0.763992	0
58	4	0.714710	0.850564	0
59	5	0.449898	0.765911	0
39	0	0.972156	0.238479	0
40	1	0.704869	0.924676	0
41	2	0.781312	1.014359	0
57	3	0.527350	0.763375	0
58	4	0.716899	0.852145	0
59	5	0.456272	0.767502	0
39	0	0.972006	0.236559	0
40	1	0.704771	0.928292	0
41	2	0.781811	1.013375	0
57	3	0.527685	0.765638	0
58	4	0.715179	0.852370	0
59	5	0.451300	0.765712	0
39	0	0.971856	0.241935	0
40	1	0.705842	0.929497	0
41	2	0.781561	1.013179	0
57	3	0.528020	0.766667	0
58	4	0.716586	0.851693	0
59	5	0.453723	0.764320	0
39	0	0.968862	0.226190	0
40	1	0.706329	0.927990	0
41	2	0.782558	1.010622	0
57	3	0.528913	0.763375	0
58	4	0.716117	0.851467	0
59	5	0.456527	0.767502	0
39	0	0.974251	0.234639	0
40	1	0.707790	0.931606	0
41	2	0.784551	1.013572	0
57	3	0.533601	0.768930	0
58	4	0.719087	0.853725	0
59	5	0.455380	0.768695	0
39	0	0.975599	0.235023	0
40	1	0.707108	0.930702	0
41	2	0.785299	1.013375	0
57	3	0.536169	0.770782	0
58	4	0.719712	0.853273	0
59	5	0.460224	0.768695	0
39	0	0.978443	0.242319	0
40	1	0.705161	0.925881	0
41	2	0.783887	1.010228	0
57	3	0.537062	0.774486	0
58	4	0.717211	0.856885	0
59	5	0.459332	0.770883	0
39	0	0.974700	0.240399	0
40	1	0.704187	0.922266	0
41	2	0.784635	1.010818	0
57	3	0.536839	0.772222	0
58	4	0.717367	0.853273	0
59	5	0.461372	0.772872	0
39	0	0.980539	0.241935	0
40	1	0.704771	0.925279	0
41	2	0.786877	1.013769	0
57	3	0.541527	0.776132	0
