512.19691	547.44179	600.123		526.1413	685.5562		655.51291
156.469605	275.118095	350.24801	235.4206	331.4753		319.5618
171.4693		240.7018		296.235105	222.7829	252.771895	283.93039


631.92401	683.694205		644.932115	684.499555		712.00495		749.5608
195.29035	303.906545		312.376595	286.4242			327.0079525		302.152805
82.42075		118.97879875	117.606		103.94299875	105.65069875	126.94274875


111.3761		106.48095125	141.56489875	123.2456		189.58165		174.0455475
29.96165		56.66984875		66.18049875		48.44665		80.22434875		76.56764875
32.999		46.19904875		61.15534875		45.4914		56.43884875		61.30085


-1.290295	-1.0805		-1.992		-0.604		-1.1565	-1.9992
-2.291		-1.3635975	-3.474		-0.3538		-1.2536	-2.7970025
-0.0640025	-1.8195		-0.7517025	-0.5738025	-1.4722	-2.1171


55.0429025		52.700225625	69.786449375	61.3208			94.212575		86.02317375
13.835325		27.653125625	31.353249375	24.046425		39.485374375	36.885323125
16.46749875		22.189774375	30.201823125	22.45879875		27.483324375	29.591875

